Genome	DNA_transposon	Copia	Gypsy	LTR_unknown	CACTA	Mutator	PIF_Harbinger	Tc1_Mariner	hAT	low_complexity	L1_LINE	LINE_element	SINE_element	tRNA_SINE	helitron	repeat_region	satellite_DNA	Total	
GCA_000001735_bp	560851	1542151	6066853	410486	1144633	2976738	310811	277134	602319	2186	332611	213197	28453	64672	3919966	115583	1022576	19591220	
GCA_000211275_bp	363306	1147644	3837720	313338	791230	2207733	236990	202990	458424	1732	225382	129984	24495	48379	3067966	26241	373122	13456676	
GCA_000222325_bp	128154	438565	163514	112216	191393	611706	97755	113892	229340	147451	78965	19056	37246	1106982	902	19715	3496852	
GCA_000222345_bp	137958	470871	203831	118303	225388	701541	128706	132902	255695	152277	92978	18035	38970	1381172	722	23376	4082725	
GCA_000222365_bp	154694	482528	208589	125543	234355	810164	128850	122913	281865	163375	94812	19697	43665	1568274	1322	31740	4472386	
GCA_000222385_bp	117416	497871	204863	115080	221480	688076	121480	98533	255720	149546	92548	19056	41279	1073758	287	17374	3714367	
GCA_000835945_bp	498428	1533006	7096424	1975026	1269420	2641366	281878	266363	607487	8593	304850	262141	29511	65473	3885423	246572	2004525	22976486	
GCA_001651475_bp	464399	1402879	5007296	390553	1104675	2536762	308827	274551	589904	4349	299616	211992	31522	66295	3854357	33024	296533	16877534	
GCA_001742845_bp	360856	1552449	3774335	304617	1062652	2315817	313580	278509	530753	3676	318601	200788	24592	66077	3506846	120399	1711290	16445837	
GCA_001753755_bp	644858	2216185	9893238	492767	1671063	3895538	359480	342855	773369	18347	396021	295440	34177	81646	5083693	325392	2223120	28747189	
GCA_003711535_bp	272000	2546349	1672303	657216	570075	1242754	349292	461805	778588	647806	299811	66018	80458	2355249	16953	45947	12062624	
GCA_011037025_bp	416015	3035534	3233885	966688	613544	1790846	507319	834584	1388976	835994	531888	82802	254150	3640713	14473	46562	18193973	
GCA_019201805_bp	948902	5247472	13279689	2547898	2607159	5415438	805757	858804	1943271	21839	748349	704951	127263	265727	9268115	274291	7048562	52113487	
GCA_019202795_bp	957911	5004765	13162586	2784218	2670526	5235151	831497	871953	1922842	16489	748591	694641	124833	264257	9241051	262801	5174625	49968737	
GCA_019202805_bp	945865	5796654	12350255	2214095	2266879	5418066	819414	873181	1822422	24339	627200	613206	112400	233826	9452517	199645	7762584	51532548	
GCA_020911765_bp	565689	1610116	6528271	566835	1118764	2960195	304875	264437	606174	41099	337285	213111	28454	64423	3127381	147192	12511093	30995394	
GCA_023115395_bp	558861	1581538	6497029	508851	1152744	3023375	315991	277245	607604	40570	336208	212748	28453	64180	3921565	132817	12424477	31684256	
GCA_900078215_bp	522856	4647676	8228230	1511351	1340605	3263672	723624	1237471	1854918	10479	847559	867252	122263	374813	4856156	30143	107546	30546614	
GCA_900205625_bp	533612	4071714	7265943	1368691	1025023	2899528	666730	753220	1414187	5537	659880	768525	75561	285584	3768983	13453	79449	25655620	
GCA_900243935_bp	525792	1604569	5407811	773829	1098656	2998106	291294	269901	612191	24069	334092	215603	28448	64665	2855133	72775	778785	17955719	
GCA_900243945_bp	551491	1586513	5609432	483948	1078359	2886087	266917	269033	593648	16812	332512	211495	29092	63058	2783030	42749	707406	17511582	
GCA_900243955_bp	548653	1666223	5752179	290293	1139520	3018577	274550	268695	588101	20380	328046	210452	28025	62202	2805296	53821	674149	17729162	
GCA_900303345_bp	547794	1558789	6447027	452810	1203548	2694501	280671	265240	551896	710	283591	216532	26319	65882	2791635	253529	1322788	18963262	
GCA_900303355_bp	539959	1660049	6066898	319099	1160376	2787247	264972	269788	556263	25663	298571	220856	25774	66438	2796752	107077	641060	17806842	
GCA_900660825_bp	502399	1662747	6399752	498471	1226487	2703655	303964	266466	597359	638	302413	247249	28626	65251	3837682	167485	1061630	19872274	
GCA_902460265_bp	558437	1530756	6873134	589769	1233195	2711197	286141	280986	563215	2616	282608	206731	28215	68183	3745783	80583	852239	19893788	
GCA_902460275_bp	424196	1716794	5983823	440334	1171424	2814217	286141	261837	592787	3635	307295	216568	24802	65119	4251743	191523	890209	19642447	
GCA_902460285_bp	516141	1665958	6498689	497306	1229895	2714535	304266	268881	598135	2904	304152	230180	29532	65245	3842085	168974	1160643	20097521	
GCA_902460295_bp	460339	1812108	6373547	579212	1239775	2710879	269349	263034	543607	6328	289562	203518	24016	65416	3853727	206358	1615181	20515956	
GCA_902460305_bp	507204	1749741	6546169	689743	1357438	2812980	298593	257567	570935	7230	340459	228537	26260	66312	3907660	232630	1185541	20784999	
GCA_902460315_bp	490522	1740249	6763667	431917	1278100	2859391	292661	270484	620522	1744	330288	189129	26329	65844	3745561	170075	1114343	20390826	
GCA_902651935_bp	576211	1533578	6868432	589583	1183663	2664386	271292	266727	568122	2616	282608	206643	28215	68209	2840720	80583	852245	18883833	
GCA_902705455_bp	521358	1511926	6187290	512754	1143834	2607482	278912	256467	581152	2472	307948	238538	30777	62662	2982187	131810	840002	18197571	
GCA_902825305_bp	563022	1590018	5883272	404431	1099096	2949383	304556	264435	606770	31173	335550	213361	28453	64341	2856009	101356	755025	18050251	
GCA_902850255_bp	836517	4197450	5921155	1890516	834556	3071576	770622	1026966	2247154	888308	827312	172931	372950	5331900	24829	319615	28734357	
GCA_902996965_bp	483733	3878134	3966945	1261731	1082875	2451853	603948	585663	1260734	495112	514136	104378	248213	3516890	25067	201535	20680947	
GCA_903064275_bp	515743	1521437	5520270	442871	1042652	2532804	296312	260518	587166	44230	299018	212440	29532	65227	2814644	44362	746642	16975868	
GCA_903064285_bp	522649	1670351	6103326	333578	1127924	2726037	281796	263599	561801	23960	290614	220216	26321	66364	2829521	69204	478002	17595263	
GCA_903064295_bp	552924	1782280	6314347	349574	1280102	2578576	279770	253341	563095	28437	329509	209185	22712	65821	2909282	160120	723373	18402448	
GCA_903064315_bp	441824	1671407	6121690	388141	1133340	2739710	277564	256384	601144	38104	308121	216702	24801	65511	3139208	153760	1549232	19126643	
GCA_903064325_bp	553621	1557114	5904206	307476	1192051	2696790	291183	261971	605712	28100	275188	238608	27180	66909	2818140	79631	769604	17673484	
GCA_904420315_bp	412490	1743930	7129900	659875	1373395	2924708	284311	266649	605501	118936	328864	211307	27202	67108	3926179	239447	3441093	23760895	
GCA_905067165_bp	539553	1692886	5965690	1213246	1114030	2938146	278128	268898	600981	42930	338399	216070	29389	65312	2880966	88910	1981557	20255091	
GCA_905175345_bp	917905	5136989	10555797	2051310	1964705	5118795	737498	825046	1797671	79778	588434	611606	116229	235336	6545762	194570	3369497	40846928	
GCA_905175405_bp	1377696	10447770	15713616	7643882	3289300	7106854	1551912	1762265	3758705	17000	1262443	1287432	324080	559600	10380668	41968	18186064	84711255	
GCA_905216605_bp	503972	3219952	4400281	1521367	950647	2540601	502792	579192	1146400	11583	370227	512791	91361	187396	3996382	17457	850968	21403369	
GCA_927323615_bp	553478	1592734	6529165	453055	1128784	2945964	287412	278835	616893	37480	334766	213237	28453	64127	2860121	149343	9668069	27741916	
GCA_933208065_bp	474899	1531081	7228931	1025486	1364737	2895185	292303	268657	542931	26179	300673	199035	25521	64856	3676501	257251	15164747	35338973	
GCF_000001735_bp	560851	1542151	6066853	410486	1144633	2976738	310811	277134	602319	2186	332611	213197	28453	64672	3919966	115583	1022576	19591220	
GCF_000004255_bp	619968	7618981	15011623	2548957	1927239	4614007	898922	993273	2121337	978	718730	836985	93708	330497	8652380	20797	808627	47817009	
