Genome LTR TIR Helitron
GCA_000001735 1327102	884848	2296411
GCA_000211275 908984	693641	1863718
GCA_000222325 2382	390714	811183
GCA_000222345 8008	474325	996040
GCA_000222365 19300	459956	1244698
GCA_000222385 11859	453615	733072
GCA_000835945 2095898	832953	2305011
GCA_001651475 1058891	863238	2330010
GCA_001742845 585490	750954	1897109
GCA_001753755 2164285	1020759	2847116
GCA_003711535 45477	492278	857681
GCA_011037025 471746	588580	979218
GCA_019201805 7858510	2929619	5634538
GCA_019202795 7711253	2895268	5601805
GCA_019202805 7797007	2789671	5767740
GCA_020911765 1852207	646542	837476
GCA_023115395 1640231	873609	2298195
GCA_900078215 1386791	1198371	1453189
GCA_900205625 1170508	1069360	1478644
GCA_900243935 1186175	676917	831905
GCA_900243945 1217202	566612	760852
GCA_900243955 1164094	656240	790426
GCA_900303345 1608243	630933	802533
GCA_900303355 1391399	704269	795646
GCA_900660825 1580516	933017	2286986
GCA_902460265 1627291	823670	2202229
GCA_902460275 1453433	854279	2685503
GCA_902460285 1584173	934150	2294015
GCA_902460295 1735631	810871	2269941
GCA_902460305 1694342	829641	2251825
GCA_902460315 1655492	805266	2130567
GCA_902651935 1627291	610244	844833
GCA_902705455 1446394	649597	933829
GCA_902825305 1318411	647698	837487
GCA_902850255 488210	261724	157245
GCA_902996965 898758	1157671	1066221
GCA_903064275 1416757	669713	786402
GCA_903064285 1521740	638057	821632
GCA_903064295 1782174	643164	862896
GCA_903064315 1461650	651514	1107099
GCA_903064325 1414838	597419	745600
GCA_904420315 1876726	885380	2415257
GCA_905067165 1473091	599973	844164
GCA_905175345 6296887	1825059	1927787
GCA_905175405 14711363	3948042	2046758
GCA_905216605 3953592	1151315	1056488
GCA_927323615 1598006	656542	831590
GCA_933208065 1927741	872713	2092691
GCF_000001735 1327102	884848	2296411
GCF_000004255 10532055	2514047	5202166
